1.720309035753095461e+00
6.137660215726639112e-01
-7.660694604702145138e-01
-6.821457430794053423e-01
9.422521129211851587e-01
8.090868765297005716e-01
2.394517244892962748e-01
-2.364256253871814539e-01
-2.373939360879498695e-01
-2.191642200332789558e-01
-1.684701582742753390e+00
-1.417097759384419176e+00
-1.021963150302691581e+00
2.110843944601017874e+00
4.165503420683251690e-02
-8.988786000474879856e-02
1.707958841790581328e+00
-8.003518317539972671e-01
4.733747305024384455e-01
8.852781508587701520e-01
-1.331232841934432143e+00
4.900698091848135207e-01
2.694496450823579137e-01
-4.257848190275058120e-01
1.858274613230571637e+00
-2.980885751124213723e-01
1.471483433957661680e+00
-3.477220994980820823e-01
1.097222135146437294e+00
8.385964927307877348e-01
-1.214945407716016668e+00
-8.955321470438035725e-01
-1.945135010270707010e+00
-4.563120708764960565e-01
-1.476150548198650769e+00
-2.498354383899338838e-01
2.083889562692391895e+00
-2.450336615196976542e+00
-3.609107190979387592e-01
-2.519532502889434977e-01
1.264493671332061808e+00
5.754025746760481619e-01
-4.512599296667771931e-01
6.652030491633960096e-01
8.449950420710330423e-01
9.174219164540907689e-01
-1.194787972409161902e+00
1.946521739143693752e+00
1.026594463165597243e-01
2.099274236622049372e+00
-2.330270691693892837e-01
-1.500028614864827303e-01
1.947560840445254238e+00
1.087760706181136516e+00
-1.774914581785292933e+00
8.832000480838356760e-01
-8.607084810012009812e-02
1.093783086388722126e+00
2.055411362580645829e-01
9.395266948460714307e-01
5.648514186727550124e-01
7.287232459296557607e-01
-4.806676987347004992e-01
4.856518786641456642e-01
1.415986220630082171e+00
-7.703597705808536977e-01
1.871457002471245357e+00
-3.240383070301262047e-01
-8.803884974814427666e-01
-1.031267946592501428e+00
-1.321552511720667678e+00
9.281759869342089131e-02
-4.130910574632125076e-01
-8.104734226874752423e-01
6.223424108000340516e-01
-2.623853562588489563e-01
4.377207111597976597e-01
-2.155611751799018538e+00
2.340959189850548017e-01
6.804617077373744660e-01
2.964214191150515432e-01
1.853915639286835004e+00
-8.207288312654665852e-01
1.103792600964589171e-02
1.636002068759326411e+00
-3.835999962161851795e-01
-5.494597444878954740e-01
-8.256408499028558001e-01
1.829621961684664733e+00
2.118473690683055355e-01
1.295972189420309117e+00
5.580403777816893562e-01
9.223655805302483079e-01
-4.922109897861393080e-01
-2.044532422001443112e-02
-1.274297328037645061e+00
3.374924707874372709e-01
4.884766473580864354e-01
-4.262365303212083956e-01
3.989459440013579106e-01
1.809001922676663376e+00
-3.476087166975811577e-02
2.655615831675608440e+00
3.042808628857642805e-01
-1.454533536312720698e-01
-6.337599961880335808e-02
-7.543021183862523849e-01
-5.161540209532528012e-01
1.461642291628509227e+00
1.218137499936276846e+00
-1.745851629490765999e+00
-2.289285385695808903e-02
6.752518609663521465e-01
1.509148116543320220e-02
1.362872742460598197e+00
-1.054891543308764446e+00
-1.659129592452340152e+00
-6.038447616865364465e-01
-6.236869426075558609e-01
1.994605481570236039e-01
-2.144068818346443195e-01
-4.125569788022465101e-01
-2.874787441533165899e-01
9.010151881309950150e-01
9.328155437438572228e-01
-6.370827716902514037e-01
5.980157350390524762e-01
-2.113568898993438694e-01
-1.212849881721618894e+00
5.887718101159501449e-01
8.448486219583110080e-01
-5.416907338500089875e-01
2.653279099979146127e-01
-4.645525662966298319e-01
6.225473549796358697e-01
1.867137942176746446e+00
8.975990881744725369e-01
1.475528386187869023e-01
-1.054735706742146562e+00
-1.366671991936527997e+00
2.779083685361323663e+00
-2.559908926199853330e+00
3.677563292602518130e-01
4.488930579777289931e-01
9.642042329436646408e-01
-1.724411549137762067e+00
1.645600537551232589e+00
1.383324217864972061e+00
1.928180016804093289e-01
-1.973022199036548407e+00
3.168137730432182830e-02
-1.478401502242701282e+00
7.934474326666997035e-01
-2.272345184460668743e-01
1.074157059260838931e+00
-9.415599685685407394e-01
4.452791961901275686e-01
1.450547037559998031e+00
-1.305113229353308979e+00
-1.531098804276275205e+00
-1.865326665758809677e+00
-1.059000304133168369e+00
-9.396004558333936885e-01
2.045462654628109611e+00
5.158834952606177610e-02
6.655674547528540597e-01
-2.370506714428244621e-01
9.450541113580050723e-02
2.687541531587473442e-01
-1.627333037737084265e+00
1.726809163965711935e+00
1.618029514292803839e+00
-8.531135375248871666e-01
-5.853954157168327344e-01
7.756642656648207179e-01
9.846940149261171338e-02
-1.633605565779893964e-01
9.631951732151328160e-01
-3.547324817543263675e-01
-1.860009932728691126e-02
-8.670683453955525810e-02
3.003070278922084779e-01
-1.506669134338044946e+00
1.070225162096306137e+00
-1.391901313530509832e+00
-1.171944108011429148e-01
1.918726048146812690e-01
2.830778772531598597e-01
5.795019250045237852e-02
-2.032883296855958477e+00
2.877437369695400871e-01
-1.769702177430951151e+00
1.058690779532859061e+00
-4.490372861694394424e-01
-6.079033712135967216e-01
-6.221671203239871328e-01
-4.751127819399936225e-01
-4.154588062242193236e-01
7.577843273490539877e-01
1.781126072049560527e+00
3.989290667465809070e-01
5.472027851825765898e-01
4.798508036022646750e-01
-2.446906312536774319e-01
6.375179291144406069e-01
-3.055578512805489158e-02
-9.070687677404248167e-03
-9.332703394306125499e-01
-2.656167546630352927e+00
-7.839423868899550452e-02
4.429696336880644125e-01
-1.259457207882642260e+00
-3.972701231892142304e-01
5.406533505565861430e-01
-1.211951640259403051e+00
8.078283021911704109e-01
1.073104043278827469e+00
1.952689694079518867e+00
3.263155514744465746e-01
3.804212992080489020e-01
-7.708305045983387949e-01
1.136177352705348143e-01
8.109834465468835143e-03
1.254554093392679315e+00
-7.733345015737375094e-01
-7.048186623629020264e-01
7.542376836518324135e-01
-8.745098830530046996e-01
-6.608716362663189514e-01
-1.441221308193268547e+00
-8.435996456481362205e-02
-6.480979161040474334e-01
4.025907463764655247e-01
1.373439778121418486e+00
-9.535331890741673977e-01
-8.898631778560694983e-01
1.220085602880686348e+00
-1.793892299295162029e+00
1.781352083480320703e+00
-4.257398235414485144e-01
1.092704180236997669e+00
1.707717887759950537e-01
3.166466679916202787e-01
-1.196218404058634777e+00
-4.163408614851284995e-01
5.457485922374034903e-02
-6.224513836154391688e-01
4.085161020549559208e-01
4.015792001447553439e-01
5.444951789020072708e-01
-1.885115875589143397e-01
7.805784582936147187e-01
2.187602396623757883e-01
2.043883088802848080e-01
-5.775273101228479700e-01
2.947493454593828055e-01
1.031672190340239270e+00
-3.874691082118539298e-02
-1.596734675627683231e+00
-1.437382295993204107e+00
4.701188572792328046e-01
-2.503016353563091378e+00
1.580144612396682247e-01
2.356305973935341191e-01
-3.670690554875445395e-03
1.098900324686442609e+00
-3.566618175969591409e-01
-1.397836675691062513e+00
-8.948987174429863245e-01
5.789793289151338174e-01
3.304220321609381283e-01
1.918954212694606420e+00
-4.190127864774850219e-01
6.985442972674675843e-01
5.766957798859411594e-02
-9.927271878125545346e-01
3.024446590658279033e-01
-6.991153281672687347e-01
-1.507578068631340862e-01
-3.937210981204293248e-01
-6.463394394998499548e-01
1.704028329738515701e+00
2.168325036214505952e-01
1.707718711809425027e+00
-6.336508674506133865e-01
7.097069279689264265e-01
-1.036849925133006112e+00
3.420697035120361940e-01
-6.521845939895823396e-02
8.471849928191976797e-01
1.317461644047475122e-01
1.607977923487341920e+00
1.921443865093480863e+00
-2.293539359053000659e-01
6.041775553335484994e-02
9.046313435992228702e-02
-1.665899330625879804e+00
1.312674232948637609e+00
7.129368927537917955e-01
9.886525782137363105e-01
-6.617479491921719470e-01
1.110074875749870627e+00
-2.059000444778519012e-01
1.060793446836596488e+00
-1.127293707600790507e+00
-1.435602913325120689e+00
1.164120966363178855e+00
-7.009763415044739654e-01
8.187349431851235204e-01
-1.817976595749052127e+00
6.267884678704420676e-01
-6.039156100410196792e-01
8.724843284563361667e-01
8.969755012359584834e-01
-1.588050348959050284e+00
9.283658945722059741e-01
2.566784131312532136e+00
-1.482425810554569567e-01
-1.027620668534129145e+00
1.349494287249101365e+00
-1.753120728591600397e+00
-6.175578247454930336e-01
-1.822193584427903135e+00
-1.328897889843150937e+00
1.278423066740394631e+00
9.423710057419669717e-01
2.254216576374169279e+00
-4.851593702366917005e-01
1.158576812083555119e+00
6.191036583550117989e-01
-1.441300098741268507e-02
4.580041313881477172e-01
-9.317695153458456225e-01
-7.942424275914312659e-01
8.235209540953212226e-01
-1.586953188426251993e+00
2.017588472293407598e-01
2.640964012447456710e+00
1.958314616987691659e-01
1.029096799136816065e+00
1.127285532629338061e+00
8.582806401520408635e-01
2.944868759672965020e-01
-9.135313810814389701e-02
-2.697987145570877598e-01
-2.256283652782891946e-01
5.461026150512852118e-01
2.933756848620991398e-01
5.733634836401597240e-02
9.758837268512445817e-01
-1.098529154425107679e+00
-2.766830476679948414e-01
1.269048147436149243e+00
5.094740967601892878e-01
-3.447158441580077115e-01
-4.014855889190860339e-02
-5.189050682431534112e-01
-2.117890314472616053e-01
6.874798310906259369e-01
-6.410224036974784267e-01
-2.438467287171090514e-01
2.874903518894864618e-01
9.417987138902950139e-01
-5.995597570243952346e-01
-2.335266368877474186e+00
-8.713538267695866146e-01
3.249237758719890623e-01
4.626854498300081442e-01
1.540140279166830384e+00
-4.679194850621908736e-02
1.256856647468532540e+00
-8.364916744985749775e-01
2.096366338584437217e-01
9.197221834777866700e-01
9.805387023068429242e-01
3.216051317933644738e-01
-5.719443815073858017e-01
-1.181869166034336560e+00
-1.685924312694356830e-01
3.310647377864380236e-01
7.930361734407659347e-01
8.760114746341624015e-02
-5.083174420237528413e-01
1.449391052748291830e+00
1.656895320206535627e-01
1.596825462928399275e-01
-4.018906337921211713e-02
1.783047438949423524e+00
1.978362464520561748e+00
5.357366890327182052e-01
-6.662586957090352868e-01
-4.059440529245232909e-01
-1.253982547718381246e+00
1.039672211263205304e+00
8.035280826360711171e-01
-1.709828142694915787e+00
7.730013884768818233e-01
-6.826665349540918248e-02
1.235724725668130297e+00
-9.814208133086377295e-01
1.196517802633532357e+00
-2.613592940496891615e+00
-8.673547320849374354e-02
-7.087527956153802933e-01
-4.429801829940402391e-02
-1.218585893038298451e+00
2.130005593937813302e+00
-3.798452208164002641e-01
7.268280738717585177e-01
-7.498305099875199886e-01
-1.147246017952380459e+00
1.274866560859529985e+00
-1.048159853511621692e-01
6.850814349146187032e-01
1.521138339002241491e+00
4.515037139024052903e-01
-5.206980118523656109e-02
8.512498489911017874e-01
7.205577878630811672e-02
-1.150796057560266927e+00
-1.879600929353574923e+00
-4.186379454822499735e-01
-5.709870012828519581e-01
7.429871063735458137e-01
1.382498901238600642e+00
3.157605414746032402e+00
8.419160961564752244e-01
1.243821473665305488e+00
5.869272157611863383e-01
-4.490348550649963522e-01
3.849982098715610257e-01
-2.380511805876694420e-01
-1.001216259586093393e+00
7.513082440257001782e-01
-2.570545733087082341e-01
-2.406746112265928939e-01
1.529549013158812698e-01
8.398034492915130711e-01
6.391554910637786691e-01
6.124283015408406028e-01
-7.022664847387687370e-01
3.039320973733591336e-01
-4.009633866884630415e-01
-5.846470011233368541e-02
7.913527107211268952e-01
3.190887355720984919e-01
-1.568087341347816632e-02
-1.307593979541457285e+00
-1.216209283678935771e+00
1.273547697994332983e+00
5.514456263186924279e-01
2.394073383092917506e+00
4.416259141641027536e-02
-3.150199953652076945e-01
2.889826631106390820e-01
8.519993806427250682e-01
-1.636555840673375117e+00
-1.589347057318777068e-01
-1.698130504258104523e+00
1.235639149072265575e+00
4.883195389344368587e-01
7.537037065281972925e-01
-2.218375010615535103e+00
5.535142702154498551e-01
-1.385425852205979025e+00
4.175361643866266625e-01
1.498533306116033081e+00
1.847500354359205565e-01
5.623892043714409095e-01
-1.363567381921374277e+00
3.795985112798034855e-01
-1.789558846107796919e+00
1.532848360863716453e+00
9.605261859149770709e-01
-1.524516516290347345e-03
6.782391291826923331e-03
4.760505663190450071e-02
6.056392990329816095e-02
-1.988474993819707048e+00
2.815879424351562799e-01
-8.104805408084960749e-01
3.956600645370326741e-01
1.791872509118531687e+00
7.330670685872930914e-01
4.925178596885224080e-01
2.105397167978279693e+00
-4.244347671543456380e-01
-6.155330548509958533e-01
5.667890532569409556e-01
-2.049840739983345983e-01
2.914186763262394120e-01
-5.644404365002004820e-01
-2.212988729225104090e-01
-8.287713597551030764e-01
-2.561236651669950293e-01
-1.387709740172558881e+00
-1.768105920811900322e+00
-2.059672523903688934e-01
-4.445687220243224602e-01
1.621280748383143955e+00
5.176545841679865978e-01
-3.032804410902207870e-01
4.756060720100064865e-01
-1.112612938723126915e-01
-1.131970792750240262e+00
-2.104413098239630783e-02
-2.844136664276141757e-01
-2.272848003094945391e+00
6.317594815586052848e-01
-1.837588993756753108e+00
7.271163793592440028e-01
1.873436036471599064e-01
-8.188578737493452941e-02
9.987367433938327821e-01
-3.727376265814202894e-01
-5.611280457796167243e-01
-1.262084525259608236e+00
-5.725352312253022546e-01
-2.492033220058727516e-01
1.092911516652838921e+00
6.718085095495616166e-01
-1.293657154352985783e+00
3.749961922351455201e-01
-5.916064247731250836e-01
3.562178495842670545e-01
-3.792984812089780777e-01
-8.872160168874226871e-01
-1.869706917325699491e+00
1.192177118582013806e+00
1.191689539493527183e+00
-3.483979921178632089e-01
-4.838083354127458713e-01
1.217766739685327781e+00
-8.690492749871916445e-01
-1.441792352661903087e-01
1.774597818203909494e+00
8.946389800998466590e-02
-1.552169291920185046e+00
-1.886930943122766269e-01
8.116208638981422530e-01
-4.394626985815177633e-01
2.756392875845809984e-02
-4.752026871919395878e-01
-4.838994495337228807e-01
8.315565032579652627e-01
1.640479947290084395e+00
-6.281084595265579162e-01
-3.515405405232892577e-01
-5.076886046492368187e-01
-1.126282178939093326e+00
1.032545733591012205e+00
7.955876877329465247e-01
-1.181382486602061688e-02
1.534096369091783041e+00
7.685743736308268126e-01
8.555214378199631209e-02
1.178130550814237232e+00
7.096495645294510490e-01
1.019501628301114904e+00
4.417472067931679236e-01
1.574388710703300276e-01
2.119271418694490539e+00
-2.704351334127696460e-01
-7.090659719423343665e-02
-1.334754012026535985e+00
-4.531319597760882778e-01
4.830894123062509093e-01
4.036854035623152481e-01
-1.604501778133502476e-01
1.033215646174730606e+00
8.988168773387086308e-01
7.359210914361957734e-01
-3.910191747538473983e-01
1.406248055260443941e+00
-4.709739177417566758e-01
8.107403273688784662e-01
-1.382610463807835810e+00
-5.371312966984325143e-01
1.371919204471287457e-01
3.136150804969711214e-01
3.927778897284543991e-01
-1.408628401782778816e+00
-2.579746261052672796e-01
-6.336180160929870686e-01
-1.034235092361252217e+00
1.271235003996345370e+00
9.115823943294808496e-01
1.030772144333570672e+00
6.700448731128986202e-01
-7.702985900083545445e-01
-2.090391513415934543e-02
6.580761231738127548e-02
-6.015324341162013866e-01
-2.072212616734291579e+00
-4.164954620560583076e-01
6.636030135608061986e-01
1.801035957416988076e+00
1.150173011907914926e-02
1.369635219398937620e+00
3.908772802690524406e-01
-3.518058829193785875e-01
6.300788526179654792e-01
5.638894807256705777e-01
-4.702157631145597039e-01
5.930607032097993114e-01
-3.113903368347494816e-01
-8.209521636384047305e-01
1.800663307771304344e+00
1.747303002524687843e+00
1.250415382441825152e+00
-1.010731568417799764e+00
-6.754809909307517568e-01
1.146857838896583326e+00
-3.491423397117627281e-01
8.683892455798237764e-01
-1.145501615352954694e+00
9.189461076619205582e-02
1.233919203066669912e+00
-2.669565990132350963e-01
-1.518788813928968029e+00
8.651350036098197638e-01
2.918261354153981468e-01
1.560670718203491791e+00
-1.411566961478738225e-01
1.338743669522224899e-01
6.194410884766543557e-01
-5.509351623132606735e-01
8.319178559237824233e-01
1.309592510891659956e+00
-6.796967049432773855e-01
-6.018836157110311891e-02
7.165154068349474659e-02
1.986847267311925513e+00
-2.922197795312129753e-01
7.918793642360846818e-02
-3.183018932249310318e+00
-5.811723794188417003e-01
-3.579964568972168748e-01
6.095640613046394707e-01
1.861259541323484479e+00
3.282244314366974391e-01
-2.099321724831728631e+00
1.305124596230107903e+00
1.714889270805282084e+00
9.260778563834894117e-02
-6.396618685838706408e-01
6.505586805481285984e-01
-5.100952250816901401e-01
-6.965558948491370472e-01
-6.623840748601541595e-01
-2.048749630055975990e-01
7.712336361967456755e-01
-2.319312153768557039e+00
-6.289276525668910933e-01
4.464686992510584207e-01
-9.499583905904811498e-01
1.069963413240840877e+00
1.118733528556081991e+00
3.176033492527795765e+00
-2.502417410331046477e-01
1.023635953174782065e+00
-1.293831573544488078e+00
1.795508123801840661e+00
5.455737380573981443e-02
-3.688888218327696644e-01
-1.388046065248850491e-01
1.038037656128022873e-01
3.250887078093195326e-01
-2.014887583232860102e+00
1.723479994052749542e-01
2.442447583117167476e+00
1.786319510230468532e-01
9.831563521065324052e-01
-8.795722161605903366e-01
2.544746305730947733e-01
5.047760131431460184e-01
-6.003029712633901616e-01
6.726775429234816972e-01
-1.336523202685056200e+00
-1.428313258684871689e+00
6.450798174780386640e-01
3.617230504974049965e-01
1.589350021023994586e+00
-3.309487136736954244e-02
-4.773760034701678423e-01
1.617601813730640270e+00
4.814927705737917507e-02
2.511027042865432990e-01
1.416716403124818724e+00
2.979992043143479541e-01
7.524278769662665622e-01
-3.107103932316905293e-01
3.239069855402302439e-02
1.573080713311912238e+00
1.160727507345505893e+00
-1.243074247844082381e+00
1.001438234599829835e+00
9.223609483564654266e-01
6.926170927725797677e-01
-1.085962798788165484e+00
7.779003816188048148e-01
3.340673527313476332e-01
-4.755757196365397177e-01
-4.880655824156263645e-01
7.651143891642449013e-01
-2.733762021440480972e+00
-1.520902585068268642e-01
1.538510399830300690e+00
-1.133374579930344517e+00
8.298526727896758937e-01
1.842916695902082069e-01
-1.488900665592016948e+00
-3.743719563103454218e-01
8.133412475498486005e-01
1.302147706346685307e+00
-2.845574677852203971e-01
1.646543056811616557e-01
1.754025533004534010e+00
-6.635023075575658021e-03
1.270288814794367172e+00
5.105777350592481945e-01
-1.136738229891150365e+00
-5.017679794400555782e-01
6.008450984516986448e-01
-9.616737083225592730e-01
2.607140244714391208e+00
9.095219993685119131e-02
-2.239051100198897526e+00
-1.702311424739112455e+00
-2.674881127558084021e-02
7.281248255811196834e-01
-1.327924506753180411e+00
-4.849521744956692415e-01
9.724681500502834197e-01
-1.124518424293937668e+00
5.137142414056478090e-01
3.688507601321227014e-01
-5.900190839036428825e-01
-2.436692308860387568e-01
-4.069289793835216273e-01
-2.509750806087793218e-01
4.081442429385339632e-01
1.958222169879549002e+00
-6.549828140745523886e-01
4.582744645163052688e-01
-1.879494350476710984e+00
-9.816908033159079672e-01
5.818445207319100643e-01
3.837601360527898575e-01
-1.026220187195584055e+00
-4.046912517103878892e-01
1.800965862582852850e+00
-7.611284995180263302e-02
-4.286211892722151529e-01
3.209982908920025468e-01
7.480773541834141449e-01
2.103198709103216935e+00
-1.105398471780400849e+00
5.462502261293972206e-01
6.369226600811158656e-01
-5.218747363675559914e-01
1.173756101901157534e+00
-1.075335170354364989e+00
-1.292099428165863095e+00
-2.661539830841019860e-01
-1.540441895507576597e-01
2.834943513554133987e-01
4.749916573342553572e-01
-1.604632765680930051e-01
-4.576206100852533432e-01
-1.266089127059455866e+00
8.168422201067940813e-01
1.050598888674166398e+00
1.797613565932779656e+00
-6.225288603979731716e-01
-1.034321794499123426e+00
-6.076714785023841214e-01
-2.138503891999632700e-01
2.801080063271158774e-03
2.266539388582445191e+00
-4.592729302223515497e-01
2.657966745629548377e+00
-5.392499692311828463e-01
-5.607287782036404211e-01
1.754743558155501315e+00
6.651207794292174347e-01
-1.483966495769446281e+00
-1.324056709186144598e+00
-4.526639491507845614e-01
1.647742873889068260e+00
-8.386265551098059934e-01
4.328402481242878824e-02
9.073583423974623807e-01
-6.117133844024461725e-03
-5.606332400187620246e-01
-7.060283219396410459e-01
-7.925457099948113315e-02
-7.156894809471013863e-01
5.682742230169262054e-01
2.831110855469372578e-01
1.142726589674206705e-01
3.372879256927070052e-02
-4.666478635917445938e-01
4.013366350272891681e-01
2.948416069511782256e-01
-5.988946769646873447e-01
-1.554919026047207886e+00
1.700708201983554435e+00
2.233276074975354408e-01
2.251165490184829365e-01
-1.487558377372671492e+00
-9.885634808680239249e-01
2.086812053160609637e-01
3.061826998868334426e-01
-1.284818211005898547e+00
3.262335327567785770e-01
4.691648196023661122e-01
-5.985351587076360724e-01
-2.763632529532019603e-03
-1.102330831941546352e+00
4.128987940018647995e-01
-8.547534248350896480e-01
-4.965503818939672742e-01
-1.500424000555832915e+00
6.930931668763926634e-01
-3.938661884022571225e-01
-5.754613858078930777e-01
1.427424394624865700e+00
9.463048921381883583e-01
1.134852405076958837e+00
5.639345779603635034e-01
-5.286465835279441361e-01
3.094049017873777840e-01
1.058326556283397668e+00
5.436578275645129743e-01
-1.380296483180193656e-01
1.351472190019736175e+00
-1.567771377550739031e-01
1.061203887806518420e+00
1.409255631982405665e-01
-1.090199533634019335e+00
-5.622576299641590669e-01
1.029375349901801240e+00
4.930240777748308156e-01
4.016468566231862769e-01
3.793499544502640375e-01
-3.457163175436020475e-01
1.160722139696313659e+00
1.757362097833639725e+00
1.721824552003679676e+00
2.619213325487337318e-01
1.200554265470991533e+00
4.610090600894240498e-01
2.841569240449223210e-01
8.078415321581091657e-01
-2.206986978057463022e-01
2.193435318219199293e-01
2.104248607479835276e-01
7.247018973034027312e-01
8.050495212247452126e-02
-6.433005165902246913e-01
-1.384846937414011769e+00
-9.518858561089527104e-01
1.598172509135593611e+00
1.671515629787629353e-01
-7.834481685598607692e-01
4.420989094658671625e-01
9.533773315618829791e-01
1.861483823365312484e-01
-1.758923470748454676e+00
3.368836771754968318e-01
-1.193312195516086582e+00
-6.360778233507580204e-01
2.473024258995180080e-01
-3.602089130592640021e-01
3.619502615123503242e-01
-1.514253115376725800e+00
9.808569655132014509e-01
8.902130564678877311e-01
-1.243164779565490319e+00
-3.705965039685113482e-01
6.505871756035812581e-01
2.748099432426022171e-01
-1.894420369594418840e+00
-7.427335876166861750e-01
3.571878619544238131e-01
2.593164099337181075e-02
2.341782032944101033e+00
6.298933505512092079e-01
8.942867378148010582e-01
2.941013491458897844e-02
1.810240869562032229e+00
-9.548990523815775733e-01
4.364857766676362161e-01
9.134389059667399891e-02
6.739593298920779629e-01
2.125344217968765659e-01
1.503029411945585592e+00
6.145808034491012650e-01
8.830956794322344372e-01
-1.037879434997689199e+00
6.006922474100242493e-01
-7.439697223574759377e-01
-5.059469220331023198e-01
-1.120200831325720792e+00
-6.484800503305941932e-01
3.672521466675475743e-01
7.811515696025531086e-02
-6.526258032875297266e-01
-1.620196166201870902e+00
1.176657694346921801e+00
1.494723074993209222e+00
-5.474109471525029358e-02
8.848983663342546713e-01
-9.493292049210968475e-01
7.142186907181231614e-01
-1.794916168458218497e-01
-2.424204765579069110e-01
-1.054744046374223865e-01
-2.090193591402566664e+00
-8.572702333282528064e-01
1.307073411404885248e-02
-8.312142477357339354e-01
2.579988229769996644e-01
-3.691059278368323815e-01
8.118815355919917209e-01
-4.877465971782529719e-02
2.067240635777844560e+00
-2.194051992373346749e-01
-3.207991512608195372e-01
-5.773587126215090626e-01
3.878866033393783552e-01
-1.751770005317922596e+00
4.096750075988407347e-01
1.382821247837031642e+00
-6.468035391537991785e-01
9.188598014228451794e-01
3.103815727633681965e-01
-4.578464017535852637e-01
-2.931108932846954174e-01
1.858555248747899347e+00
-3.155271101140409429e-01
1.350193785984627803e+00
1.331161419017675929e+00
5.521782176502590955e-01
8.312379106822038732e-01
-9.810833554984674798e-01
-3.670900928471365066e-01
-3.195935525842122926e-01
7.300697723465937594e-01
-5.316353464224956582e-01
2.206465498300621830e-01
-9.587916152768353184e-01
-6.968290494014969250e-01
-1.013864419544793005e+00
1.744994828315455715e+00
-3.165738278888892143e-01
8.851622884683668646e-01
7.528797903703388084e-01
-5.917150012948535487e-02
-4.990243483559256288e-02
5.535460525604168902e-01
8.135779732759716998e-01
-8.784346840832834014e-01
-9.060521347984651364e-01
-1.986484850366957156e-01
1.347236975134781467e+00
7.851396939557462318e-01
3.784986085276930701e-01
5.324536797196238735e-01
5.744453145031411800e-01
-1.675237909427078176e+00
-1.335433730356760051e+00
5.571962060081067092e-01
6.356352487552134889e-01
-8.440849572312759674e-01
3.145576575478539194e-01
-1.099348491356670454e+00
1.247213302435928456e-01
-1.035314677678570217e+00
-1.677260930347560519e+00
-5.228669541394160847e-01
2.829140195840269736e-03
-1.038981057115146545e+00
1.757744709377654146e+00
6.433838851101686407e-01
1.231015223418717497e+00
1.166402033196229038e+00
1.032636158477845845e+00
9.541088472363185025e-01
1.144593739247926178e+00
7.941700238866605810e-01
-2.570190256284133820e-02
9.783755175842230312e-01
-1.152304617228994132e+00
-4.500468656827394387e-01
6.898060502340015443e-01
3.083940471611980039e-01
-7.572656152670126373e-01
6.434084148536278747e-01
